Port Elgeth  (532,1555)  (565,1603)  (541,1507)  (580,1555) 
Marafashan  (1392,456)  (1344,448)  (1439,504)  (1440,412)  (1487,460)  (1488,412) 
Whispering Wood  (991,1480)  (965,1432)  (1013,1432)  (1039,1480)  (1081,1528)  (1087,1454)  (1129,1502) 
Sharktooth Villiage  (916,148)  (868,118)  (963,196)  (915,196)  (916,100)  (964,100)  (964,148)  (1011,196)  (1012,118) 
Golgatha  (1005,334)  (1052,382)  (1004,382)  (1053,289)  (1088,241)  (1100,337)  (1100,385)  (1014,430)  (1101,289) 
Barbaric Ocean North SZ  (13,1239)  (60,1287)  (12,1287)  (0,1191)  (48,1191)  (61,1239)  (96,1156)  (108,1287)  (108,1335)  (60,1335)  (12,1335)  (0,1143)  (48,1143)  (109,1204)  (144,1115)  (156,1252)  (156,1300)  (156,1348)  (108,1383)  (60,1383)  (12,1383)  (157,1163)  (169,1396)  (204,1225)  (204,1273)  (204,1321)  (217,1369)  (252,1308)  (265,1356) 
Longview  (877,1198)  (829,1236)  (829,1188)  (925,1172)  (925,1220)  (973,1171)  (973,1219)  (1021,1173)  (1021,1221)  (1069,1187)  (1069,1235)  (1117,1202) 
Semblek  (2924,1784)  (2972,1757)  (2972,1805)  (3020,1764)  (3020,1812)  (3068,1799)  (3068,1847) 
Evershine Sea SZ  (13,51)  (60,99)  (12,99)  (0,3)  (48,3)  (61,51)  (96,0)  (108,99)  (108,147)  (60,147)  (12,147)  (109,48)  (144,0)  (156,142)  (156,190)  (108,195)  (60,195)  (12,195)  (157,48)  (192,0)  (205,48) 
Thorgrim  (1800,1417)  (1752,1408)  (1847,1465)  (1807,1369)  (1848,1417)  (1895,1465)  (1895,1513)  (1896,1408) 
Hammerfast  (235,316)  (282,364)  (234,364)  (283,277)  (186,384)  (330,325)  (331,262)  (378,310)  (379,256)  (426,304) 
Eastwatch  (666,1687)  (618,1734)  (713,1735)  (714,1645)  (761,1693)  (762,1641)  (809,1689)  (857,1687) 
Rimms Pass  (2525,388)  (2477,373)  (2573,394)  (2461,325)  (2613,442)  (2661,412)  (2661,460) 
Dragonfire Coast  (1337,133)  (1384,181)  (1336,181)  (1326,85)  (1374,85)  (1385,133)  (1432,181)  (1433,104)  (1480,152)  (1480,200)  (1528,154) 
Troll Bog  (859,1591)  (907,1590)  (909,1638)  (955,1565)  (957,1613)  (1005,1567) 
Burning Shores  (1370,317)  (1418,271)  (1418,319)  (1466,266)  (1466,314)  (1514,343) 
Gerison  (3064,731)  (3111,779)  (3047,683)  (3112,686)  (3159,734)  (3159,782)  (3160,665) 
Kahnbrek  (3016,191)  (2968,238)  (3063,239)  (3004,143)  (3052,143)  (3064,191)  (3100,114)  (3015,286)  (3111,239)  (3112,162)  (3148,114)  (3160,162) 
Homeland of the Tribe of the Whale  (2864,1337)  (2912,1302)  (2912,1350)  (2960,1287)  (2960,1335)  (2960,1383)  (3008,1288)  (3008,1336)  (3008,1384)  (3056,1297)  (3056,1345) 
Forbidding Peaks  (1260,1713)  (1212,1727)  (1212,1679)  (1308,1705)  (1344,1753)  (1392,1721)  (1440,1716) 
Sea of Kahnbrek South SZ  (3242,605)  (3289,653)  (3241,653)  (3206,557)  (3254,557)  (3290,605)  (3302,545)  (3337,653)  (3338,593)  (3350,525)  (3385,641)  (3385,689)  (3386,573)  (3398,525)  (3433,621)  (3433,669)  (3434,573)  (3446,525) 
Ocean of Blades North SZ  (3232,825)  (3279,873)  (3231,873)  (3231,777)  (3279,777)  (3280,825)  (3327,744)  (3327,873)  (3328,792)  (3375,744)  (3375,840)  (3375,888)  (3376,792)  (3423,744)  (3423,840)  (3423,888)  (3424,792) 
WInd Rider Territory  (2083,601)  (2035,648)  (2105,649)  (2131,563)  (2153,611)  (2201,568)  (2201,616)  (2249,571)  (2249,619)  (2297,572)  (2297,620) 
Egress Forest  (1744,627)  (1764,579)  (1792,627) 
Dragonscar Desert  (1850,487)  (1897,535)  (1849,535)  (1898,455)  (1945,503)  (1945,551)  (1897,583)  (1961,599)  (1993,487)  (1993,535)  (1913,631) 
Nation of Krom  (1533,985)  (1485,1030)  (1581,953)  (1581,1001)  (1629,928)  (1629,976) 
Reopulus  (2640,889)  (2687,937)  (2665,841)  (2688,889)  (2713,840)  (2735,937)  (2736,888) 
Evershine Mountains North  (963,547)  (915,571)  (1010,595)  (1011,526)  (1058,574)  (1058,622)  (1059,514)  (1106,562)  (1106,610)  (1154,515)  (1154,563) 
Barbaric Ocean East SZ  (649,1871)  (696,1919)  (648,1919)  (603,1823)  (651,1823)  (697,1871)  (699,1821)  (744,1919)  (745,1869)  (747,1789)  (792,1917)  (793,1837)  (795,1784)  (840,1885)  (840,1933)  (841,1832)  (843,1779)  (888,1880)  (888,1928)  (889,1827)  (891,1774) 
Burning Oasis  (1623,339)  (1575,328)  (1671,322)  (1709,370)  (1757,327)  (1757,375)  (1805,326)  (1805,374) 
The Tower of Xarxos  (3039,899)  (3044,947)  (3022,851)  (3087,866)  (3092,914)  (3140,872)  (3140,920) 
The Blightlands  (1110,1351)  (1062,1379)  (1132,1399)  (1158,1312)  (1180,1360)  (1177,1264)  (1206,1312)  (1228,1360)  (1276,1320) 
Lonely Plains West  (2329,1198)  (2281,1199)  (2281,1151)  (2376,1246)  (2329,1150)  (2377,1150)  (2377,1198)  (2328,1247)  (2424,1246)  (2425,1104)  (2425,1152)  (2473,1099)  (2473,1147) 
Weeping Valley  (1077,915)  (1029,905)  (1124,963)  (1077,867)  (1125,868)  (1018,857)  (1172,916)  (1172,964)  (1173,1012)  (1125,1012)  (1220,884)  (1220,932)  (1221,980)  (1268,888)  (1269,936)  (1269,984)  (1317,889)  (1317,937)  (1317,985)  (1365,909)  (1365,957) 
Dragonfire Gulf SZ  (1138,441)  (1186,410)  (1186,458)  (1199,362)  (1234,410)  (1234,458)  (1199,314)  (1247,314)  (1247,362)  (1282,410)  (1191,266)  (1239,266) 
Pulunar  (2981,488)  (3029,463)  (3052,511)  (3079,559)  (3100,473)  (3127,521)  (3127,569) 
Kingdom of Druj  (2418,815)  (2370,862)  (2465,863)  (2380,767)  (2428,767)  (2466,815)  (2476,757)  (2513,863)  (2513,911)  (2379,719)  (2514,805)  (2524,724)  (2562,772) 
Glimmering Forest  (566,1272)  (613,1320)  (565,1320)  (576,1224)  (614,1272)  (624,1214)  (661,1320)  (613,1368)  (662,1262)  (672,1180)  (709,1310)  (710,1228)  (720,1180) 
Yormuska  (251,570)  (203,611)  (203,563)  (299,527)  (299,575)  (347,522)  (347,570)  (395,511)  (395,559)  (443,499) 
Scorched Sands  (1603,204)  (1555,247)  (1650,252)  (1651,176)  (1698,224)  (1699,176)  (1723,272)  (1746,224)  (1747,135) 
Endowyn  (228,452)  (180,477)  (276,430)  (324,422)  (372,413) 
Lonely Plains  (2611,1215)  (2563,1262)  (2563,1214)  (2658,1263)  (2611,1167)  (2659,1167)  (2659,1215)  (2561,1166)  (2515,1295)  (2706,1263)  (2707,1157)  (2707,1205)  (2754,1253) 
Gulfport  (1235,1456)  (1187,1464)  (1283,1412)  (1283,1460)  (1331,1386)  (1331,1434)  (1379,1383)  (1379,1431) 
The Venom Sea SZ  (2304,1858)  (2256,1905)  (2256,1857)  (2351,1906)  (2314,1810)  (2352,1858)  (2362,1800)  (2399,1906)  (2400,1848)  (2410,1763)  (2447,1896)  (2447,1944)  (2448,1811)  (2458,1737)  (2495,1859)  (2495,1907)  (2496,1785)  (2506,1732)  (2543,1833)  (2543,1881)  (2543,1929)  (2544,1780)  (2591,1828)  (2591,1876)  (2591,1924) 
Dragonfire Sea SZ  (1450,20)  (1402,24)  (1498,0)  (1498,48)  (1546,0)  (1546,48)  (1564,96)  (1594,0)  (1594,48)  (1612,96)  (1642,0)  (1642,48) 
Trollmoors North  (2041,1220)  (1993,1223)  (2089,1194)  (2089,1242)  (1985,1175)  (2137,1204)  (2137,1252)  (2185,1217)  (2185,1265)  (2233,1252) 
Avinosh  (716,366)  (763,414)  (764,326)  (756,462)  (812,327) 
Trollmoors South  (2207,1363)  (2159,1344)  (2255,1330)  (2255,1378)  (2303,1329)  (2351,1328)  (2399,1331) 
Evershine Mountains East  (801,807)  (842,855)  (847,759)  (849,807)  (888,710)  (890,855)  (890,903)  (842,903)  (895,758)  (897,806)  (896,662)  (936,710)  (893,951)  (845,951)  (943,758)  (944,662)  (874,999) 
Dragonfire Sea Eastern SZ  (1733,14)  (1708,62)  (1781,0)  (1802,48)  (1829,0)  (1850,48)  (1877,0)  (1898,48)  (1925,0)  (1927,96)  (1946,48) 
Ulfur's Keep  (555,1076)  (507,1119)  (602,1124)  (603,1031)  (650,1079)  (650,1127)  (651,1014)  (698,1062)  (698,1110)  (699,998)  (746,1046)  (746,1094)  (747,979)  (794,1027)  (794,1075) 
The Mystic Lake  (2110,1533)  (2151,1581)  (2158,1495)  (2199,1554) 
Igna  (3087,1631)  (3135,1594)  (3135,1642)  (3183,1597)  (3183,1645)  (3231,1604) 
Dark Waters West SZ  (2317,31)  (2364,79)  (2316,79)  (2365,0)  (2412,48)  (2383,127)  (2335,127)  (2413,0)  (2460,48)  (2398,175)  (2350,175)  (2302,175)  (2461,0)  (2508,48)  (2442,223)  (2394,223)  (2509,0) 
Dark Waters East SZ  (2620,28)  (2668,0)  (2716,0)  (2759,48)  (2764,0)  (2785,96)  (2787,144)  (2807,48)  (2812,0) 
Kingdom of the Sea Elves  (337,1238)  (289,1233)  (384,1286)  (336,1286)  (337,1190)  (385,1190)  (385,1238)  (433,1178)  (433,1226)  (433,1274)  (481,1172)  (481,1220) 
Southpass Garrison  (383,785)  (335,803)  (430,833)  (431,745)  (478,793)  (479,718)  (526,766)  (526,814)  (574,800) 
Bellok  (667,685)  (619,732)  (619,684)  (714,733)  (715,643)  (617,636)  (571,688)  (762,691)  (763,601)  (569,640)  (810,649)  (810,697)  (811,591) 
Evershine Mountains West  (209,965)  (222,1013)  (257,965)  (270,1013)  (270,1061)  (222,1061)  (305,958)  (318,1006)  (264,1109) 
Falconfall  (1508,800)  (1555,848)  (1507,848)  (1488,752)  (1536,752)  (1556,800)  (1584,731)  (1603,848)  (1543,896)  (1495,896)  (1490,704)  (1604,779)  (1651,827)  (1652,775) 
Evershine Sea Eastern SZ  (266,16)  (314,0)  (362,0)  (410,0) 
Troll Bog North  (791,1484)  (838,1532)  (839,1460)  (886,1508) 
Ocean of Blades Southwest SZ  (2731,1863)  (2683,1910)  (2683,1862)  (2778,1911)  (2731,1815)  (2779,1815)  (2779,1863)  (2681,1814)  (2826,1911)  (2729,1767)  (2777,1767)  (2825,1767)  (2827,1815)  (2827,1863)  (2873,1721)  (2874,1911)  (2692,1719)  (2740,1719)  (2788,1719)  (2875,1769)  (2875,1817)  (2836,1673)  (2884,1673)  (2921,1721)  (2922,1865)  (2922,1913)  (2702,1671)  (2750,1671)  (2923,1769)  (2923,1817)  (2932,1671)  (2969,1719)  (2970,1865)  (2970,1913)  (2971,1767)  (2971,1815)  (2980,1671)  (3017,1719)  (3018,1863)  (3018,1911)  (3019,1767)  (3019,1815)  (3065,1719)  (3066,1863)  (3066,1911)  (3067,1767)  (3067,1815) 
Harold  (1743,948)  (1790,996)  (1742,996)  (1791,902)  (1838,950)  (1838,998)  (1839,898)  (1886,946) 
Burusia  (308,165)  (260,212)  (260,164)  (308,117)  (356,117)  (356,165)  (404,111)  (404,159)  (434,207) 
Last Respite  (1546,592)  (1498,631)  (1593,640)  (1530,544)  (1578,544)  (1594,592)  (1641,640)  (1642,563)  (1651,688)  (1690,584) 
Evershine Sea Lower South SZ  (2,878)  (49,926)  (1,926)  (0,830)  (48,830)  (50,878)  (96,784)  (97,926)  (97,974)  (49,974)  (1,974)  (0,782)  (48,782)  (98,832)  (96,736)  (144,736)  (144,784)  (145,880)  (145,928)  (145,976)  (97,1022)  (49,1022)  (1,1022)  (0,734)  (48,734)  (146,832)  (147,1024) 
Dragonfire Sea West SZ  (783,9)  (792,57)  (831,0)  (879,0)  (927,0)  (975,0) 
Ocean of Blades Gulf SZ  (2812,1491)  (2764,1538)  (2764,1490)  (2859,1539)  (2812,1443)  (2860,1443)  (2860,1491)  (2811,1586)  (2763,1586)  (2907,1539)  (2907,1587)  (2859,1587)  (2908,1438)  (2908,1486)  (2715,1610)  (2955,1534)  (2955,1582)  (2956,1444)  (3003,1492)  (3003,1540)  (3003,1588)  (3051,1456)  (3051,1504)  (3051,1552)  (3099,1460)  (3099,1508) 
Lonely Plains East  (2858,1210)  (2810,1178)  (2850,1258)  (2858,1162)  (2906,1162)  (2906,1210)  (2954,1171)  (2954,1219)  (3002,1196) 
Sea of Gandar Western SZ  (1021,1872)  (973,1919)  (973,1871)  (1068,1920)  (1021,1824)  (1069,1824)  (1069,1872)  (971,1823)  (1116,1920)  (1019,1776)  (1067,1776)  (1115,1776)  (1117,1824)  (1117,1872)  (943,1775)  (1164,1920)  (1165,1778)  (1165,1826)  (1212,1874)  (1212,1922)  (1213,1787) 
Gelvazar  (2983,377)  (2935,415)  (2935,367)  (3031,342)  (3031,390)  (3079,340)  (3079,388)  (3127,335)  (3127,383) 
Moonwood  (2268,1487)  (2315,1535)  (2267,1535)  (2305,1439)  (2316,1487)  (2353,1423)  (2307,1583)  (2259,1583)  (2364,1471)  (2401,1410)  (2412,1458)  (2460,1427) 
Greenvale  (1306,1591)  (1258,1598)  (1353,1639)  (1302,1543)  (1350,1543)  (1354,1591)  (1398,1524)  (1401,1639)  (1402,1572)  (1449,1620)  (1450,1556) 
The Ghostly Gulf South SZ  (1477,1442)  (1523,1490)  (1525,1442)  (1552,1538)  (1546,1586)  (1541,1634)  (1537,1682) 
The Ghostly Gulf SZ  (1444,1257)  (1396,1270)  (1491,1305)  (1492,1248)  (1443,1318)  (1539,1296)  (1539,1344)  (1491,1353)  (1540,1248)  (1587,1296)  (1587,1344)  (1635,1266)  (1635,1314)  (1683,1266)  (1683,1314) 
Barbaric Ocean SZ  (10,1750)  (57,1798)  (9,1798)  (58,1728)  (105,1776)  (95,1846)  (47,1846)  (106,1728)  (129,1894)  (81,1894)  (33,1894)  (154,1728)  (129,1942)  (81,1942)  (33,1942)  (202,1728) 
Ophan'Kes  (2028,1443)  (2048,1491)  (2064,1395)  (2076,1443)  (2124,1411) 
Vidor  (1922,1665)  (1969,1713)  (1921,1713)  (1932,1617)  (1970,1665)  (1980,1607)  (2017,1713)  (1954,1761)  (1906,1761)  (2018,1655)  (1954,1559) 
Dragonfire Sea East SZ  (2045,60)  (2092,108)  (2044,108)  (2014,12)  (2062,12)  (2093,60)  (2110,0)  (2140,108)  (2140,156)  (2141,48)  (2158,0)  (2188,96)  (2188,144)  (2189,48)  (2206,0)  (2236,96)  (2236,144)  (2237,48) 
The Northern Keep  (1920,1314)  (1954,1362)  (1915,1266)  (1968,1283)  (2002,1331)  (2050,1318) 
Mozunrath's Tower  (1009,1662)  (961,1709)  (1056,1710)  (1057,1620)  (1104,1668)  (1105,1594) 
West Haven  (637,1493)  (684,1541)  (606,1445)  (654,1445)  (685,1493)  (702,1444)  (732,1541)  (720,1589)  (672,1589) 
Jundland Wastes  (1601,440)  (1648,488)  (1649,416)  (1696,464)  (1696,512)  (1744,464) 
Screaming Wood  (2864,891)  (2911,939)  (2863,939)  (2906,843)  (2912,891)  (2954,826)  (2959,939)  (2960,874) 
Pools of Saysha  (855,433)  (902,481)  (854,481)  (869,385)  (903,433)  (917,371)  (806,512)  (896,323) 
Ibadeth City  (2373,1009)  (2325,966)  (2356,1057)  (2373,961)  (2421,961)  (2421,1009)  (2469,962)  (2469,1010)  (2517,965)  (2517,1013)  (2565,970)  (2565,1018)  (2588,1066)  (2613,982) 
Evershine Sea Southern SZ  (0,348)  (39,396)  (0,300)  (48,300)  (48,348)  (87,396)  (87,444)  (39,444)  (96,279)  (96,327)  (144,279) 
Valgorath  (3006,1113)  (3010,1065)  (3054,1113)  (3058,1061)  (3102,1115)  (3047,1013)  (3095,1013)  (3150,1133)  (3198,1173) 
Ocean of Blades SZ  (3229,1463)  (3181,1510)  (3181,1462)  (3273,1511)  (3277,1451)  (3325,1434)  (3339,1353)  (3373,1401)  (3373,1449)  (3336,1305)  (3384,1305)  (3387,1353)  (3421,1401)  (3432,1269)  (3435,1317)  (3442,1449) 
Waterbreak  (510,201)  (508,153)  (556,153)  (558,201)  (497,105)  (545,105)  (606,215) 
Sea of Gandar East SZ  (1948,1877)  (1995,1925)  (1947,1925)  (1903,1829)  (1951,1829)  (1996,1877)  (1999,1826)  (2043,1925)  (2044,1874)  (2047,1791)  (2091,1922)  (2092,1839)  (2139,1887)  (2139,1935)  (2140,1812) 
Kelgar's Pass  (2029,763)  (1981,789)  (2077,716)  (2125,706)  (2173,696)  (2221,686)  (2269,677) 
Serpent's Spine Mountains South  (2273,1695)  (2301,1743)  (2253,1743)  (2321,1663)  (2349,1711)  (2369,1623)  (2397,1671)  (2417,1622) 
Sea of Gandar Eastern SZ  (1668,1873)  (1715,1921)  (1667,1921)  (1650,1825)  (1698,1825)  (1716,1873)  (1746,1820)  (1763,1921)  (1764,1868)  (1811,1916)  (1812,1822) 
Ocean of Blades South SZ  (3191,1894)  (3238,1942)  (3190,1942)  (3152,1846)  (3239,1875)  (3286,1923)  (3334,1887)  (3334,1935)  (3152,1718)  (3200,1712)  (3248,1704)  (3382,1877)  (3382,1925)  (3296,1694)  (3344,1677)  (3417,1828)  (3430,1876)  (3430,1924)  (3443,1780) 
Tobruk  (2096,1676)  (2143,1724)  (2080,1628)  (2144,1666)  (2191,1714) 
Howling Canyon  (374,1075)  (396,1026)  (409,1123)  (361,1123)  (422,1074)  (400,978)  (444,1026)  (448,972)  (399,930)  (447,924) 
Castle Gandar  (1776,1572)  (1786,1524)  (1824,1572) 
Igthorn's Pass  (1764,1694)  (1811,1742)  (1812,1670) 
Gerik's Hold  (1153,1102)  (1200,1150)  (1201,1067)  (1248,1115)  (1248,1163)  (1249,1058)  (1261,1211)  (1296,1106)  (1296,1154)  (1297,1050)  (1309,1232)  (1345,1041) 
Ocean of Blades Northern SZ  (3232,1067)  (3184,1074)  (3184,1026)  (3279,1115)  (3232,1019)  (3280,1019)  (3280,1067)  (3327,1115)  (3327,1163)  (3279,1163)  (3199,971)  (3247,971)  (3295,971)  (3328,1019)  (3328,1067)  (3343,960)  (3375,1115)  (3375,1163)  (3375,1211)  (3327,1211)  (3376,1008)  (3376,1056)  (3391,960)  (3423,1104)  (3423,1152)  (3423,1200)  (3424,1008)  (3424,1056)  (3439,960) 
Bayridge Mountains  (2048,1107)  (2000,1119)  (2096,1076)  (2096,1124)  (2144,1070)  (2144,1118)  (2192,1057)  (2192,1105)  (2240,1035)  (2240,1083)  (2288,1063) 
Sea of Kahnbrek Southern SZ  (3221,382)  (3268,430)  (3220,430)  (3192,334)  (3240,334)  (3269,382)  (3288,315)  (3316,430)  (3317,363)  (3336,296)  (3364,411)  (3364,459)  (3365,344)  (3384,296)  (3412,392)  (3412,440)  (3413,344)  (3432,296) 
Dragonfire Sea Western SZ  (1123,48)  (1075,76)  (1075,28)  (1170,96)  (1123,0)  (1171,0)  (1171,48)  (1218,96)  (1218,144)  (1170,144)  (1219,0)  (1219,48)  (1266,96)  (1266,144)  (1267,0)  (1267,48)  (1315,0) 
Shyamaline's Folley  (1982,968)  (1934,1012)  (2029,1016)  (1959,920)  (2007,920)  (2030,968)  (2077,1016)  (2018,872)  (2078,962)  (2125,1010) 
Mosquito Marsh  (2811,248)  (2826,296)  (2859,207)  (2874,255)  (2907,179) 
The Ghostly Gulf NW SZ  (1409,1098)  (1457,1088)  (1417,1146)  (1369,1165)  (1505,1084)  (1465,1194)  (1417,1194)  (1553,1080) 
Dark Forest  (2257,462)  (2263,414)  (2294,510)  (2305,462)  (2311,404)  (2353,480)  (2264,356)  (2367,528)  (2368,576)  (2261,308)  (2408,624)  (2251,260) 
Dragonback Hills  (2009,382)  (1961,409)  (2056,430)  (2022,334)  (2057,382)  (1913,390)  (2104,430)  (2104,478)  (2105,357)  (2152,417)  (2152,465)  (2183,513) 
Evershine Sea East SZ  (553,20)  (505,17)  (601,0)  (601,48)  (625,96)  (649,0)  (649,48)  (673,96)  (662,144)  (614,144)  (697,0)  (697,48) 
Fearus Hills  (810,1328)  (762,1375)  (857,1376)  (858,1288)  (905,1336)  (905,1384)  (906,1287)  (954,1290)  (1002,1299) 
Homeland of the Tribe of the Tiger  (1113,730)  (1065,777)  (1065,729)  (1160,778)  (1113,682)  (1161,682)  (1161,730)  (1063,681)  (1017,778)  (1017,730)  (1208,778)  (1209,670)  (1209,718)  (1219,826)  (1256,766)  (1257,680)  (1267,814)  (1304,728)  (1315,776)  (1315,824)  (1352,700)  (1363,748)  (1363,796)  (1410,844)  (1411,702)  (1411,750)  (1427,892) 
Barbaric Ocean Northern SZ  (4,1562)  (51,1610)  (3,1610)  (0,1514)  (48,1514)  (52,1562)  (96,1470)  (99,1610)  (99,1658)  (51,1658)  (3,1658)  (0,1466)  (48,1466)  (100,1518)  (144,1455)  (147,1566)  (147,1614)  (147,1662)  (148,1503)  (192,1455)  (195,1551)  (195,1599)  (195,1647)  (196,1503) 
Serpent's  Spine Mountains North  (2526,1380)  (2573,1428)  (2574,1347)  (2621,1395)  (2622,1347)  (2669,1395)  (2670,1347)  (2717,1395)  (2765,1354) 
Barbaric Ocean Eastern SZ  (268,1898)  (220,1945)  (220,1897)  (315,1946)  (268,1850)  (316,1850)  (316,1898)  (363,1946)  (364,1836)  (364,1884)  (411,1932)  (412,1830)  (412,1878)  (459,1926)  (460,1824)  (460,1872)  (507,1920)  (508,1818)  (508,1866) 
The Ghostly Gulf NE SZ  (1692,1076)  (1740,1064)  (1775,1112)  (1782,1160)  (1788,1061)  (1823,1109)  (1823,1208)  (1775,1208)  (1830,1157)  (1836,1058)  (1871,1106)  (1871,1205)  (1836,1256)  (1788,1256)  (1878,1154)  (1783,1304) 
Dale Lands  (523,342)  (475,371)  (570,390)  (510,294)  (571,297)  (618,345) 
Kaligistan  (1256,583)  (1225,535)  (1273,535)  (1304,583)  (1311,631)  (1321,523)  (1352,571)  (1359,619)  (1407,591)  (1407,639) 
Serpent's Spine Mountains  (2492,1548)  (2444,1560)  (2539,1596)  (2540,1507)  (2587,1555)  (2588,1494)  (2635,1542)  (2636,1482)  (2684,1470) 
Sea of Gandar SZ  (1368,1878)  (1320,1925)  (1320,1877)  (1415,1926)  (1368,1830)  (1416,1830)  (1416,1878)  (1318,1829)  (1463,1926)  (1464,1821)  (1464,1869)  (1511,1917)  (1512,1797)  (1512,1845)  (1559,1893)  (1559,1941)  (1560,1808) 
Temple of the Dragon  (1855,209)  (1902,257)  (1854,257)  (1822,161)  (1870,161)  (1903,209)  (1918,158)  (1950,257)  (1927,305)  (1951,206)  (1998,254)  (1999,205) 
Valley of the Fang  (2560,1680)  (2608,1653)  (2613,1701) 
Restful Wood  (900,1080)  (932,1032)  (948,1080)  (949,984)  (980,1032)  (996,1080)  (997,966)  (1028,1014)  (1044,1062)  (1044,1110) 
Evershine Sea South SZ  (0,579)  (31,627)  (0,531)  (48,531)  (48,579)  (79,627)  (79,675)  (31,675)  (96,504)  (96,552)  (127,600)  (127,648) 
The Isle of Blades  (3203,1770)  (3251,1763)  (3251,1811)  (3299,1755)  (3299,1803)  (3347,1744)  (3347,1792)  (3391,1581)  (3408,1629)  (3412,1677)  (3354,1533) 
Gandar  (1596,1690)  (1643,1738)  (1595,1738)  (1596,1642)  (1644,1642)  (1644,1690)  (1691,1738)  (1602,1594) 
Hidden Lake  (2672,748)  (2720,724)  (2720,772)  (2768,718)  (2768,766)  (2816,715)  (2816,763) 
Homeland of the Tribe of the Bear  (2502,549)  (2454,563)  (2454,515)  (2549,597)  (2502,501)  (2550,501)  (2550,549)  (2501,611)  (2419,467)  (2597,597)  (2597,645)  (2549,645)  (2467,453)  (2598,506)  (2501,659)  (2399,419)  (2645,554)  (2645,602)  (2645,650)  (2381,371)  (2693,544)  (2693,592)  (2693,640)  (2741,600)  (2741,648)  (2352,297) 
Loremaster's Library  (215,865)  (263,849)  (263,897)  (311,860) 
Uthgard  (323,1757)  (275,1790)  (371,1721)  (371,1769)  (227,1795)  (419,1697)  (419,1745)  (467,1672)  (467,1720)  (515,1689)  (515,1737) 
Wolvesbane Forest  (2888,626)  (2935,674)  (2887,674)  (2886,578)  (2934,578)  (2936,626)  (2982,553)  (2983,674)  (2977,722)  (2929,722)  (2984,601) 
Rolling Hills  (2752,427)  (2799,475)  (2764,379)  (2800,427)  (2812,367)  (2847,475)  (2839,523)  (2791,523)  (2848,415)  (2860,354)  (2812,571) 
Dragonback Mountains  (2083,261)  (2082,213)  (2131,219)  (2131,267)  (2166,315)  (2179,232)  (2200,363) 
Sea of Kahnbrek West SZ  (2904,25)  (2951,73)  (2903,73)  (2952,0)  (2999,48)  (3000,0)  (3047,48)  (3048,0)  (3095,48)  (3096,0) 
Neberus  (368,1442)  (320,1485)  (415,1490)  (329,1394)  (377,1394)  (416,1442)  (425,1385)  (464,1433)  (464,1481)  (436,1337)  (473,1385) 
High Ridge Caverns  (2532,157)  (2484,164)  (2484,116)  (2579,205)  (2532,109)  (2580,109)  (2580,157)  (2627,205)  (2628,103)  (2628,151)  (2676,100)  (2676,148)  (2724,101) 
Develar's Lake  (566,494)  (518,451)  (613,542)  (614,449)  (470,442)  (661,497)  (661,545)  (662,438) 
Ramathorn  (274,691)  (226,720)  (226,672)  (299,739)  (322,654)  (347,702)  (370,648)  (418,638)  (466,616) 
Razor Pass  (3158,1320)  (3205,1368)  (3157,1368)  (3141,1272)  (3189,1272)  (3206,1320)  (3237,1247)  (3253,1368)  (3097,1224)  (3145,1224)  (3254,1295) 
Cove of Storms SZ  (283,1590)  (330,1638)  (282,1638)  (275,1542)  (331,1550)  (378,1598)  (426,1576) 
Eastern Lowlands  (2573,307)  (2621,284)  (2621,332)  (2669,281)  (2669,329)  (2717,241)  (2717,289) 
Tabletop Plateau  (2136,847)  (2088,834)  (2183,895)  (2135,895)  (2156,799)  (2184,847)  (2204,779)  (2231,895)  (2231,943)  (2232,827)  (2252,756)  (2279,875)  (2280,804)  (2300,740) 
The Haunted Island  (1537,1156)  (1585,1150)  (1621,1198)  (1633,1145)  (1669,1193)  (1681,1145) 
Evershine Mountains  (544,933)  (553,981)  (541,885)  (589,885)  (592,933)  (637,867)  (640,915)  (685,856)  (688,904)  (733,810)  (736,858) 
Sea of Kahnbrek SZ  (3257,37)  (3209,47)  (3304,85)  (3305,0)  (3256,120)  (3352,48)  (3352,96)  (3304,133)  (3353,0)  (3363,144)  (3256,168)  (3400,48)  (3400,96)  (3315,181)  (3401,0)  (3411,144)  (3411,192)  (3363,192)  (3267,216)  (3219,216)  (3448,48)  (3448,96)  (3315,229)  (3449,0)  (3452,240)  (3404,240) 
Shem  (724,220)  (676,239)  (755,268)  (744,172)  (772,220)  (792,152)  (820,200)  (820,248) 
Three Trader's City  (1758,774)  (1710,737)  (1805,822)  (1757,822)  (1758,726)  (1806,726)  (1806,774)  (1853,822)  (1854,708)  (1854,756)  (1901,804)  (1902,711) 
Morphimar's Keep  (2752,1052)  (2704,1094)  (2704,1046)  (2799,1100)  (2752,1004)  (2800,1004)  (2800,1052)  (2847,1100)  (2848,1008)  (2895,1056)  (2895,1104)  (2943,1025)  (2943,1073) 
Splendid City  (1635,1487)  (1682,1535)  (1640,1439)  (1683,1487)  (1731,1509) 