Gelvazar  (2984,378)  (2938,416)  (2938,370)  (3030,342)  (3030,388)  (3076,340)  (3076,386)  (3122,336)  (3122,382)
Nation of Krom  (1534,986)  (1488,1031)  (1580,954)  (1580,1000)  (1626,929)  (1626,975)  (1672,912)
Dragonfire Sea East SZ  (2046,61)  (2091,107)  (2045,107)  (2014,15)  (2060,15)  (2092,61)  (2106,1)  (2137,107)  (2137,153)  (2138,47)  (2152,0)  (2183,93)  (2183,139)  (2184,46)  (2198,0)  (2229,92)  (2229,138)  (2230,46)  (2230,184)
Burning Shores  (1371,318)  (1399,272)  (1417,318)  (1445,269)  (1463,315)  (1463,361)  (1491,264)  (1509,321)
The Ghostly Gulf SZ  (1445,1258)  (1399,1277)  (1490,1304)  (1491,1248)  (1444,1323)  (1536,1294)  (1536,1340)  (1490,1350)  (1537,1248)  (1572,1386)  (1582,1294)  (1582,1340)  (1628,1265)  (1628,1311)  (1674,1266)  (1674,1312)
Develar's Lake  (567,495)  (521,454)  (612,541)  (609,449)  (613,495)  (655,436)  (475,445)  (658,541)  (659,482)  (666,587)
Last Respite  (1547,593)  (1501,634)  (1592,639)  (1529,547)  (1575,547)  (1593,593)  (1638,639)  (1639,561)  (1640,685)  (1684,607)
Tobruk  (2097,1677)  (2142,1723)  (2080,1631)  (2143,1665)  (2188,1711)
Dark Forest  (2257,462)  (2300,508)  (2254,508)  (2263,416)  (2303,462)  (2309,408)  (2349,464)  (2264,362)  (2310,362)  (2366,510)  (2367,556)  (2394,602)  (2261,316)  (2419,648)  (2253,270)
Moonwood  (2269,1488)  (2314,1534)  (2268,1534)  (2296,1442)  (2315,1488)  (2342,1427)  (2315,1580)  (2269,1580)  (2361,1473)  (2388,1413)  (2256,1626)  (2407,1459)  (2434,1408)  (2453,1454)
Yormuska  (252,571)  (206,613)  (206,567)  (298,527)  (298,573)  (344,522)  (344,568)  (390,513)  (390,559)  (436,501)  (436,547)
Hammerfast  (236,317)  (281,363)  (235,363)  (282,278)  (189,374)  (327,324)  (328,263)  (373,309)  (373,355)  (374,254)  (419,300)
Evershine Sea Lower South SZ  (3,879)  (48,925)  (2,925)  (0,833)  (46,833)  (49,879)  (92,790)  (94,925)  (94,971)  (48,971)  (2,971)  (0,787)  (46,787)  (95,836)  (92,744)  (138,744)  (138,790)  (140,882)  (140,928)  (140,974)  (94,1017)  (48,1017)  (2,1017)  (0,741)  (46,741)  (141,836)  (143,1020)  (97,1063)  (51,1063)  (5,1063)  (162,1066)
Kahnbrek  (3017,192)  (2971,237)  (3062,238)  (3003,146)  (3049,146)  (3063,192)  (3095,114)  (3016,283)  (2970,283)  (3108,238)  (3105,284)  (3109,160)  (3141,114)  (3154,206)  (3155,160)  (3187,113)
Rimms Pass  (2526,389)  (2480,377)  (2572,393)  (2467,331)  (2600,439)  (2421,301)  (2646,412)  (2648,458)  (2694,467)
Ulfur's Keep  (556,1077)  (510,1121)  (601,1123)  (602,1032)  (647,1078)  (647,1124)  (648,1016)  (693,1062)  (693,1108)  (694,999)  (739,1045)  (739,1091)  (740,982)  (785,1028)  (785,1074)
Evershine Sea SZ  (14,52)  (59,98)  (13,98)  (0,6)  (46,6)  (60,52)  (92,0)  (105,98)  (105,144)  (59,144)  (13,144)  (106,46)  (138,0)  (151,92)  (151,138)  (151,184)  (105,190)  (59,190)  (13,190)  (152,46)  (184,0)  (180,230)  (197,176)  (198,46)
Bayridge Mountains  (2049,1108)  (2003,1121)  (2095,1076)  (2095,1122)  (2141,1070)  (2141,1116)  (2187,1059)  (2187,1105)  (2187,1151)  (2233,1039)  (2233,1085)  (2279,1021)  (2279,1067)
Ibadeth City  (2374,1010)  (2328,975)  (2377,1056)  (2374,964)  (2420,964)  (2420,1010)  (2466,962)  (2466,1008)  (2512,964)  (2512,1010)  (2558,968)  (2558,1014)  (2575,1060)  (2604,977)  (2621,1023)  (2621,1069)
Dragonback Hills  (2010,383)  (1964,412)  (1964,366)  (2055,429)  (2016,337)  (2056,383)  (2062,337)  (1918,394)  (2101,429)  (2101,475)  (2102,383)  (2147,429)  (2147,475)
Kelgar's Pass  (2030,764)  (1984,795)  (2068,718)  (2076,764)  (2114,708)  (2160,698)  (2206,689)  (2252,680)  (2298,682)
Troll Bog  (860,1592)  (906,1590)  (906,1636)  (952,1571)  (952,1617)  (998,1565)
Golgatha  (1006,335)  (1051,381)  (1005,381)  (1052,290)  (1087,244)  (1097,336)  (1097,382)  (1024,427)  (1098,290)  (1143,336)
Evershine Mountains  (545,934)  (564,980)  (524,888)  (570,888)  (591,934)  (616,871)  (637,917)  (662,862)  (683,908)  (708,844)  (729,890)
Avinosh  (717,367)  (762,413)  (763,326)  (761,459)  (809,317)
The Ghostly Gulf NW SZ  (1409,1098)  (1455,1089)  (1419,1144)  (1373,1157)  (1501,1084)  (1460,1190)  (1547,1080)  (1593,1076)
Sea of Kahnbrek Southern SZ  (3222,383)  (3267,429)  (3221,429)  (3192,337)  (3238,337)  (3268,383)  (3284,321)  (3313,429)  (3313,475)  (3267,475)  (3221,475)  (3314,367)  (3330,296)  (3359,413)  (3359,459)  (3360,342)  (3376,296)  (3405,388)  (3405,434)  (3406,342)  (3422,296)  (3451,388)  (3451,434)  (3452,342)
Ramathorn  (275,692)  (229,730)  (229,684)  (306,738)  (321,654)  (352,700)  (367,648)  (413,639)  (459,621)  (505,604)
Greenvale  (1307,1592)  (1261,1602)  (1352,1638)  (1294,1546)  (1340,1546)  (1353,1592)  (1386,1519)  (1398,1638)  (1399,1565)  (1444,1611)  (1445,1549)
Sea of Kahnbrek South SZ  (3243,606)  (3288,652)  (3242,652)  (3206,560)  (3252,560)  (3289,606)  (3298,551)  (3334,652)  (3335,597)  (3344,525)  (3380,643)  (3380,689)  (3381,571)  (3390,525)  (3426,617)  (3426,663)  (3427,571)  (3436,525)
Dale Lands  (524,343)  (478,374)  (569,389)  (510,297)  (556,297)  (570,343)  (616,300)  (616,346)
Kingdom of Druj  (2419,816)  (2373,861)  (2464,862)  (2380,770)  (2426,770)  (2465,816)  (2472,763)  (2418,907)  (2372,907)  (2510,862)  (2510,908)  (2464,908)  (2379,724)  (2425,724)  (2511,809)  (2518,725)  (2557,771)  (2557,817)  (2564,724)
Barbaric Ocean East SZ  (650,1872)  (604,1917)  (604,1871)  (695,1918)  (650,1826)  (696,1826)  (696,1872)  (603,1825)  (741,1918)  (742,1789)  (742,1835)  (787,1881)  (787,1927)  (788,1785)  (788,1831)  (833,1877)  (833,1923)  (834,1780)  (834,1826)  (879,1872)  (879,1918)  (880,1775)  (880,1821)
Burusia  (309,166)  (263,211)  (263,165)  (309,120)  (355,120)  (355,166)  (401,106)  (401,152)  (401,198)  (447,153)  (447,199)
Gerison  (3065,732)  (3110,778)  (3045,686)  (3091,686)  (3111,732)  (3137,681)  (3156,778)  (3157,727)
Barbaric Ocean North SZ  (14,1240)  (59,1286)  (13,1286)  (0,1194)  (46,1194)  (60,1240)  (92,1162)  (105,1286)  (105,1332)  (59,1332)  (13,1332)  (0,1148)  (46,1148)  (106,1208)  (92,1116)  (138,1116)  (138,1162)  (151,1254)  (151,1300)  (151,1346)  (105,1378)  (59,1378)  (13,1378)  (152,1208)  (165,1392)  (197,1254)  (197,1300)  (197,1346)  (211,1392)  (243,1287)  (243,1333)  (257,1379)
Mosquito Marsh  (2812,249)  (2834,295)  (2858,208)  (2880,254)  (2904,181)
Evershine Sea Southern SZ  (0,350)  (39,396)  (0,304)  (46,304)  (46,350)  (85,396)  (85,442)  (39,442)  (92,279)  (92,325)  (138,279)  (138,325)
Igthorn's Pass  (1765,1695)  (1810,1741)  (1811,1670)  (1857,1668)
Ocean of Blades North SZ  (3233,826)  (3278,872)  (3232,872)  (3231,780)  (3277,780)  (3279,826)  (3323,744)  (3324,872)  (3325,790)  (3369,744)  (3370,836)  (3370,882)  (3371,790)  (3415,744)  (3416,836)  (3416,882)  (3417,790)
Kaligistan  (1257,584)  (1302,630)  (1225,538)  (1271,538)  (1303,584)  (1317,524)  (1348,630)  (1349,570)  (1394,616)  (1440,623)
Dragonfire Sea Eastern SZ  (1734,15)  (1711,61)  (1780,0)  (1802,46)  (1826,0)  (1848,46)  (1872,0)  (1894,46)  (1907,92)  (1918,0)  (1940,46)  (1953,92)  (1964,0)
The Northern Keep  (1921,1315)  (1875,1325)  (1966,1361)  (1913,1269)  (1967,1282)  (2012,1328)  (2058,1322)
Port Elgeth  (532,1557)  (565,1603)  (537,1511)  (578,1557)  (611,1603)  (583,1649)
Ocean of Blades Northern SZ  (3233,1068)  (3187,1077)  (3187,1031)  (3278,1114)  (3233,1022)  (3279,1022)  (3279,1068)  (3324,1114)  (3324,1160)  (3278,1160)  (3197,976)  (3243,976)  (3289,976)  (3325,1022)  (3325,1068)  (3335,966)  (3370,1114)  (3370,1160)  (3370,1206)  (3324,1206)  (3371,1012)  (3371,1058)  (3381,960)  (3416,1104)  (3416,1150)  (3416,1196)  (3417,1006)  (3417,1052)  (3427,960)
Egress Forest  (1744,627)  (1763,581)  (1790,627)  (1836,645)
Lonely Plains East  (2859,1211)  (2813,1183)  (2857,1257)  (2859,1165)  (2905,1165)  (2905,1211)  (2951,1158)  (2951,1204)  (2997,1196)
Pools of Saysha  (856,434)  (901,480)  (855,480)  (868,388)  (902,434)  (914,376)  (809,507)  (947,480)  (948,422)  (763,536)  (894,330)  (940,330)
Barbaric Ocean SZ  (11,1751)  (56,1797)  (10,1797)  (57,1728)  (102,1774)  (97,1843)  (51,1843)  (5,1843)  (103,1728)  (131,1889)  (85,1889)  (39,1889)  (149,1728)  (131,1935)  (85,1935)  (39,1935)  (195,1728)
Marafashan  (1393,457)  (1347,453)  (1438,503)  (1393,411)  (1439,412)  (1484,458)  (1485,412)
Neberus  (369,1443)  (323,1488)  (323,1442)  (414,1489)  (369,1397)  (415,1397)  (415,1443)  (460,1489)  (387,1351)  (433,1351)  (461,1397)  (461,1443)  (479,1344)  (507,1390)  (507,1436)
Whispering Wood  (992,1481)  (964,1435)  (1010,1435)  (1038,1481)  (1079,1527)  (1084,1451)  (1125,1497)  (1139,1543)
Ophan'Kes  (2029,1444)  (2053,1490)  (2007,1490)  (2052,1398)  (2075,1444)  (2098,1387)  (2121,1433)
Reopulus  (2641,890)  (2595,918)  (2686,936)  (2617,844)  (2663,844)  (2687,890)  (2709,840)  (2732,936)  (2733,886)  (2778,945)  (2779,848)
Pulunar  (2982,489)  (3028,463)  (3044,509)  (3079,555)  (3090,471)  (3117,601)  (3125,517)
Trollmoors South  (2208,1364)  (2162,1349)  (2254,1330)  (2254,1376)  (2300,1329)  (2300,1375)  (2346,1328)  (2392,1330)  (2438,1340)
Evershine Sea East SZ  (553,22)  (507,19)  (599,0)  (599,46)  (621,92)  (645,0)  (645,46)  (667,92)  (667,138)  (621,138)  (691,0)  (691,46)
Razor Pass  (3159,1321)  (3204,1367)  (3158,1367)  (3141,1275)  (3187,1275)  (3205,1321)  (3233,1247)  (3250,1367)  (3170,1413)  (3098,1229)  (3144,1229)  (3251,1293)
Scorched Sands  (1604,205)  (1558,249)  (1649,251)  (1650,176)  (1695,222)  (1695,268)  (1696,176)  (1741,222)  (1741,268)  (1742,143)
Evershine Mountains East  (801,807)  (840,853)  (845,761)  (847,807)  (886,715)  (886,853)  (886,899)  (840,899)  (891,761)  (893,807)  (896,669)  (932,715)  (898,945)  (852,945)  (937,761)  (942,661)  (881,991)
Lonely Plains West  (2330,1199)  (2284,1207)  (2284,1161)  (2375,1245)  (2330,1153)  (2376,1153)  (2376,1199)  (2329,1253)  (2421,1245)  (2406,1107)  (2422,1153)  (2422,1199)  (2452,1101)  (2468,1147)  (2468,1193)  (2498,1101)
Ocean of Blades SZ  (3230,1464)  (3184,1509)  (3184,1463)  (3275,1510)  (3276,1451)  (3322,1436)  (3339,1355)  (3368,1401)  (3368,1447)  (3336,1309)  (3382,1309)  (3385,1355)  (3414,1401)  (3428,1269)  (3431,1315)  (3439,1447)  (3452,1493)
Evershine Sea Eastern SZ  (267,17)  (313,0)  (313,46)  (359,0)  (405,0)  (451,0)
Splendid City  (1636,1488)  (1681,1534)  (1638,1442)  (1682,1488)  (1728,1491)
Temple of the Dragon  (1856,210)  (1901,256)  (1855,256)  (1822,164)  (1868,164)  (1902,210)  (1914,156)  (1947,256)  (1940,302)  (1894,302)  (1948,202)  (1993,248)  (1994,196)
The Blightlands  (1111,1352)  (1065,1381)  (1143,1398)  (1157,1313)  (1189,1359)  (1176,1267)  (1019,1374)  (1203,1313)  (1235,1359)  (1281,1321)
Serpent's Spine Mountains South  (2273,1695)  (2311,1741)  (2265,1741)  (2319,1664)  (2357,1710)  (2365,1627)  (2403,1673)  (2411,1618)  (2449,1664)
Dark Waters East SZ  (2621,29)  (2667,0)  (2667,46)  (2713,0)  (2713,46)  (2759,0)  (2759,46)  (2784,92)  (2787,138)  (2805,0)  (2805,46)  (2830,92)  (2833,138)
Valgorath  (3007,1114)  (3010,1068)  (3053,1114)  (3056,1065)  (3099,1114)  (3033,1019)  (3079,1019)  (3136,1160)  (3182,1155)
Valley of the Fang  (2560,1680)  (2606,1654)  (2609,1700)  (2652,1627)
Vidor  (1923,1666)  (1968,1712)  (1922,1712)  (1932,1620)  (1969,1666)  (1978,1611)  (2014,1712)  (1971,1758)  (1925,1758)  (2015,1657)  (1951,1565)  (1997,1565)
The Venom Sea SZ  (2305,1859)  (2259,1904)  (2259,1858)  (2350,1905)  (2308,1813)  (2351,1859)  (2354,1810)  (2304,1950)  (2258,1950)  (2396,1905)  (2396,1951)  (2350,1951)  (2397,1856)  (2400,1768)  (2442,1902)  (2442,1948)  (2443,1814)  (2446,1744)  (2488,1860)  (2488,1906)  (2488,1952)  (2489,1790)  (2492,1732)  (2534,1836)  (2534,1882)  (2534,1928)  (2535,1778)  (2580,1824)  (2580,1870)  (2580,1916)  (2581,1765)
Dragonfire Gulf SZ  (1138,441)  (1184,412)  (1184,458)  (1199,364)  (1230,410)  (1230,456)  (1199,318)  (1245,318)  (1245,364)  (1276,410)  (1276,456)  (1192,272)  (1238,272)
The Ghostly Gulf South SZ  (1476,1442)  (1521,1488)  (1522,1442)  (1555,1534)  (1509,1534)  (1568,1442)  (1549,1580)  (1544,1626)  (1540,1672)
Three Trader's City  (1759,775)  (1713,745)  (1804,821)  (1758,821)  (1759,729)  (1805,729)  (1805,775)  (1850,821)  (1851,708)  (1851,754)  (1896,800)  (1897,711)  (1910,846)
Dragonfire Sea Western SZ  (1124,49)  (1078,80)  (1078,34)  (1169,95)  (1124,3)  (1170,3)  (1170,49)  (1215,95)  (1215,141)  (1169,141)  (1216,0)  (1216,46)  (1261,92)  (1261,138)  (1262,0)  (1262,46)  (1308,0)
High Ridge Caverns  (2533,158)  (2487,169)  (2487,123)  (2578,204)  (2533,112)  (2579,112)  (2579,158)  (2624,204)  (2625,103)  (2625,149)  (2671,100)  (2671,146)  (2717,99)
Sharktooth Villiage  (917,149)  (871,123)  (962,195)  (916,195)  (917,103)  (963,103)  (963,149)  (1008,195)  (1005,241)  (1009,115)
Shyamaline's Folley  (1983,969)  (1937,1014)  (2028,1015)  (1959,923)  (2005,923)  (2029,969)  (2051,910)  (2074,1015)  (2075,956)  (2120,1002)  (2166,997)
Endowyn  (229,453)  (183,478)  (275,431)  (321,422)  (321,468)  (367,414)
Tabletop Plateau  (2137,848)  (2091,843)  (2182,894)  (2136,894)  (2150,802)  (2183,848)  (2196,789)  (2228,894)  (2228,940)  (2182,940)  (2229,835)  (2242,760)  (2274,881)  (2275,806)  (2288,743)
Restful Wood  (900,1080)  (931,1034)  (946,1080)  (948,988)  (977,1034)  (992,1080)  (994,971)  (1023,1017)  (1038,1063)  (1038,1109)
Bellok  (668,686)  (622,731)  (622,685)  (713,732)  (714,643)  (620,639)  (576,696)  (759,689)  (760,601)  (574,650)  (805,647)  (805,693)  (806,593)
Weeping Valley  (1078,916)  (1032,908)  (1123,962)  (1078,870)  (1124,870)  (1124,916)  (1023,862)  (1169,962)  (1169,1008)  (1170,876)  (977,891)  (1215,922)  (1215,968)  (1261,888)  (1261,934)  (1261,980)  (1307,889)  (1307,935)  (1307,981)  (1353,889)  (1353,935)  (1353,981)
Dragonfire Sea SZ  (1451,21)  (1405,27)  (1497,0)  (1497,46)  (1543,0)  (1543,46)  (1553,92)  (1589,0)  (1589,46)  (1599,92)  (1635,0)  (1635,46)  (1645,92)
Howling Canyon  (374,1075)  (395,1029)  (418,1121)  (372,1121)  (420,1075)  (400,983)  (441,1029)  (446,976)  (399,937)  (445,930)
Southpass Garrison  (384,786)  (338,805)  (429,832)  (430,746)  (475,792)  (475,838)  (476,720)  (521,766)  (521,812)  (567,792)
The Haunted Island  (1535,1156)  (1581,1150)  (1612,1196)  (1627,1145)  (1658,1191)  (1673,1144)  (1719,1156)
Fearus Hills  (811,1329)  (765,1374)  (856,1375)  (857,1288)  (902,1334)  (902,1380)  (903,1287)  (948,1333)  (994,1296)
Waterbreak  (511,202)  (508,156)  (554,156)  (557,202)  (498,110)  (544,110)  (603,215)
Harold  (1744,949)  (1789,995)  (1743,995)  (1782,903)  (1790,949)  (1828,899)  (1835,995)  (1836,945)  (1874,896)  (1882,942)
Kingdom of the Sea Elves  (338,1239)  (292,1240)  (292,1194)  (383,1285)  (338,1193)  (384,1193)  (384,1239)  (337,1286)  (430,1179)  (430,1225)  (430,1271)  (476,1171)  (476,1217)  (522,1174)
Sea of Gandar SZ  (1369,1879)  (1323,1924)  (1323,1878)  (1414,1925)  (1369,1833)  (1415,1833)  (1415,1879)  (1321,1832)  (1460,1925)  (1461,1821)  (1461,1867)  (1506,1913)  (1507,1802)  (1507,1848)  (1530,1756)  (1552,1894)  (1552,1940)  (1553,1807)  (1598,1853)  (1598,1899)  (1598,1945)
The Mystic Lake  (2110,1535)  (2151,1581)  (2156,1496)  (2197,1543)  (2197,1589)
Cove of Storms SZ  (284,1591)  (329,1637)  (283,1637)  (275,1545)  (330,1550)  (375,1596)  (375,1642)  (421,1574)  (421,1620)  (467,1592)
Uthgard  (324,1758)  (278,1792)  (370,1721)  (370,1767)  (232,1797)  (416,1699)  (416,1745)  (462,1675)  (462,1721)  (462,1767)  (508,1684)  (508,1730)
Serpent's Spine Mountains  (2493,1549)  (2447,1563)  (2538,1595)  (2539,1507)  (2584,1553)  (2585,1495)  (2630,1541)  (2631,1483)  (2677,1471)  (2677,1517)
Evershine Mountains West  (209,967)  (222,1013)  (255,965)  (268,1011)  (268,1057)  (222,1059)  (301,959)  (272,1103)  (314,1005)  (226,1105)  (347,953)
Sea of Gandar Western SZ  (1022,1873)  (976,1918)  (976,1872)  (1067,1919)  (1022,1827)  (1068,1827)  (1068,1873)  (974,1826)  (1113,1919)  (1020,1781)  (1066,1781)  (1112,1781)  (1114,1827)  (1114,1873)  (943,1780)  (1158,1777)  (1159,1919)  (1160,1823)  (1160,1869)  (1205,1915)  (1206,1785)  (1206,1831)  (1251,1877)  (1251,1923)  (1252,1794)
Dragonfire Sea West SZ  (784,10)  (801,56)  (755,56)  (830,0)  (876,0)  (922,0)  (968,0)  (1007,46)  (1014,0)
Wolvesbane Forest  (2889,627)  (2934,673)  (2888,673)  (2885,581)  (2931,581)  (2935,627)  (2977,551)  (2980,673)  (2979,719)  (2933,719)  (2981,597)  (2916,765)  (3027,584)
Serpent's  Spine Mountains North  (2527,1381)  (2572,1427)  (2573,1347)  (2618,1393)  (2619,1347)  (2664,1393)  (2665,1347)  (2710,1393)  (2756,1352)
Castle Gandar  (1776,1572)  (1786,1526)  (1822,1572)
Longview  (878,1199)  (832,1238)  (832,1192)  (924,1172)  (924,1218)  (970,1172)  (970,1218)  (1016,1171)  (1016,1217)  (1062,1184)  (1062,1230)  (1108,1198)  (1108,1244)
Barbaric Ocean Eastern SZ  (269,1899)  (223,1944)  (223,1898)  (314,1945)  (269,1853)  (315,1853)  (315,1899)  (221,1852)  (360,1945)  (361,1836)  (361,1882)  (406,1928)  (407,1830)  (407,1876)  (452,1922)  (453,1825)  (453,1871)  (498,1917)  (499,1819)  (499,1865)  (544,1911)  (545,1813)  (545,1859)
Sea of Gandar Eastern SZ  (1669,1874)  (1714,1920)  (1668,1920)  (1650,1828)  (1696,1828)  (1715,1874)  (1742,1819)  (1760,1920)  (1761,1865)  (1806,1911)  (1807,1822)  (1852,1868)  (1852,1914)
Mozunrath's Tower  (1010,1663)  (964,1708)  (1055,1709)  (1056,1621)  (1101,1667)  (1101,1713)  (1102,1593)  (1148,1610)
Ocean of Blades South SZ  (3192,1895)  (3237,1941)  (3191,1941)  (3152,1849)  (3238,1874)  (3283,1920)  (3329,1887)  (3329,1933)  (3152,1720)  (3198,1715)  (3375,1882)  (3375,1928)  (3244,1708)  (3290,1698)  (3336,1683)  (3413,1835)  (3421,1881)  (3421,1927)  (3438,1789)
Sea of Kahnbrek West SZ  (2905,26)  (2950,72)  (2904,72)  (2951,0)  (2996,46)  (2883,118)  (2997,0)  (3042,46)  (3043,0)  (3088,46)  (3089,0)
Homeland of the Tribe of the Tiger  (1114,731)  (1068,776)  (1068,730)  (1159,777)  (1114,685)  (1160,685)  (1160,731)  (1066,684)  (1022,782)  (1022,736)  (1205,777)  (1205,823)  (1206,668)  (1206,714)  (1251,760)  (1251,806)  (1252,679)  (1297,725)  (1297,771)  (1297,817)  (1343,698)  (1343,744)  (1343,790)  (1343,836)  (1389,702)  (1389,748)  (1389,794)  (1408,840)  (1424,886)  (1435,701)  (1435,747)  (1435,793)
Homeland of the Tribe of the Whale  (2864,1337)  (2910,1303)  (2910,1349)  (2956,1288)  (2956,1334)  (2956,1380)  (3002,1287)  (3002,1333)  (3002,1379)  (3048,1295)  (3048,1341)  (3048,1387)
The Isle of Blades  (3204,1771)  (3250,1763)  (3250,1809)  (3296,1756)  (3296,1802)  (3342,1746)  (3342,1792)  (3388,1730)  (3391,1583)  (3408,1629)  (3412,1675)  (3356,1537)  (3402,1537)
Gandar  (1597,1691)  (1642,1737)  (1596,1737)  (1596,1645)  (1642,1645)  (1643,1691)  (1688,1737)  (1601,1599)
Dragonscar Desert  (1851,488)  (1896,534)  (1850,534)  (1866,442)  (1897,488)  (1942,534)  (1942,580)  (1896,580)  (1943,468)  (1988,514)  (1988,560)  (1942,626)  (1896,626)
West Haven  (638,1494)  (683,1540)  (607,1448)  (653,1448)  (684,1494)  (699,1438)  (729,1540)  (729,1586)  (683,1586)
Troll Bog North  (792,1485)  (837,1531)  (838,1460)  (883,1506)
Thorgrim  (1801,1418)  (1755,1412)  (1846,1464)  (1801,1372)  (1847,1382)  (1892,1428)  (1892,1474)  (1901,1520)  (1938,1442)
Ocean of Blades Gulf SZ  (2813,1492)  (2767,1537)  (2767,1491)  (2858,1538)  (2813,1446)  (2859,1446)  (2859,1492)  (2812,1583)  (2766,1583)  (2904,1538)  (2904,1584)  (2858,1584)  (2905,1437)  (2905,1483)  (2720,1590)  (2950,1529)  (2950,1575)  (2950,1621)  (2951,1443)  (2996,1489)  (2996,1535)  (2996,1581)  (3042,1455)  (3042,1501)  (3042,1547)  (3088,1459)  (3088,1505)
Evershine Sea South SZ  (0,581)  (31,627)  (0,535)  (46,535)  (46,581)  (77,627)  (77,673)  (31,673)  (92,504)  (92,550)  (123,596)  (123,642)
Lonely Plains  (2612,1216)  (2566,1261)  (2566,1215)  (2657,1262)  (2612,1170)  (2658,1170)  (2658,1216)  (2564,1169)  (2520,1298)  (2520,1252)  (2703,1262)  (2704,1156)  (2704,1202)  (2749,1248)  (2749,1294)
Gulfport  (1236,1457)  (1190,1471)  (1282,1413)  (1282,1459)  (1328,1388)  (1328,1434)  (1374,1369)  (1374,1415)  (1374,1461)
Falconfall  (1509,801)  (1554,847)  (1508,847)  (1488,755)  (1534,755)  (1555,801)  (1580,730)  (1600,847)  (1555,893)  (1509,893)  (1490,709)  (1601,776)  (1646,822)  (1647,767)
Burning Oasis  (1624,340)  (1578,337)  (1670,322)  (1699,368)  (1745,327)  (1745,373)  (1791,327)  (1791,373)  (1837,357)
Homeland of the Tribe of the Bear  (2503,550)  (2457,573)  (2457,527)  (2548,596)  (2503,504)  (2549,504)  (2549,550)  (2502,619)  (2433,481)  (2594,596)  (2594,642)  (2548,642)  (2479,458)  (2595,504)  (2595,550)  (2502,665)  (2404,435)  (2640,596)  (2640,642)  (2641,523)  (2387,389)  (2686,569)  (2686,615)  (2686,661)  (2369,343)  (2732,572)  (2732,618)  (2732,664)  (2352,297)
Shem  (725,221)  (679,243)  (764,267)  (740,175)  (771,221)  (786,160)  (817,206)  (817,252)
Eastwatch  (667,1688)  (621,1733)  (712,1734)  (713,1645)  (758,1691)  (759,1642)  (804,1688)  (850,1678)
Eastern Lowlands  (2574,308)  (2620,284)  (2620,330)  (2666,282)  (2666,328)  (2712,247)  (2712,293)
Barbaric Ocean Northern SZ  (5,1563)  (50,1609)  (4,1609)  (0,1517)  (46,1517)  (51,1563)  (92,1476)  (96,1609)  (96,1655)  (50,1655)  (4,1655)  (0,1471)  (46,1471)  (97,1522)  (138,1455)  (142,1568)  (142,1614)  (142,1660)  (143,1501)  (184,1455)  (188,1547)  (188,1593)  (188,1639)  (189,1501)  (230,1455)
Semblek  (2925,1785)  (2879,1830)  (2879,1784)  (2970,1831)  (2925,1739)  (2971,1739)  (2971,1785)  (2877,1738)  (2924,1876)  (2878,1876)  (2833,1830)  (2833,1784)  (3016,1831)  (3016,1877)  (2970,1877)  (2832,1877)  (2923,1693)  (2969,1693)  (3017,1717)  (3017,1763)  (2831,1738)  (2831,1692)  (2877,1692)  (2924,1922)  (2878,1922)  (2787,1831)  (2787,1785)  (3062,1809)  (3062,1855)  (3062,1901)  (3016,1923)  (2970,1923)  (2832,1923)  (2786,1923)  (2786,1877)  (3063,1719)  (2785,1739)  (2785,1693)  (3086,1947)  (2741,1831)  (2741,1785)  (2740,1954)  (2740,1908)  (2739,1739)  (2739,1693)  (2695,1862)  (2695,1816)  (2694,1954)  (2694,1908)  (2693,1770)  (2693,1724)
The Tower of Xarxos  (3040,900)  (3085,946)  (3039,946)  (3022,854)  (3086,865)  (3131,911)
Morphimar's Keep  (2753,1053)  (2707,1097)  (2707,1051)  (2798,1099)  (2753,1007)  (2799,1007)  (2799,1053)  (2844,1099)  (2845,1007)  (2845,1053)  (2890,1099)  (2891,1015)  (2936,1061)  (2936,1107)
Dragonfire Coast  (1338,134)  (1383,180)  (1337,180)  (1324,88)  (1370,88)  (1384,134)  (1429,180)  (1430,102)  (1475,148)  (1475,194)  (1521,149)
Evershine Mountains North  (964,548)  (918,574)  (1009,594)  (1010,526)  (1055,572)  (1055,618)  (1056,513)  (1101,559)  (1101,605)  (1147,515)  (1147,561)  (1147,607)
Dark Waters West SZ  (2318,32)  (2363,78)  (2317,78)  (2364,0)  (2409,46)  (2385,124)  (2339,124)  (2293,124)  (2410,0)  (2455,46)  (2397,170)  (2351,170)  (2305,170)  (2456,0)  (2501,46)  (2437,216)  (2391,216)  (2502,0)
Forbidding Peaks  (1261,1714)  (1215,1729)  (1215,1683)  (1307,1703)  (1316,1749)  (1362,1720)  (1395,1766)  (1419,1720)  (1465,1705)
WInd Rider Territory  (2084,602)  (2038,647)  (2121,648)  (2130,563)  (2167,609)  (2213,569)  (2213,615)  (2259,572)  (2259,618)  (2305,571)  (2305,617)
Rolling Hills  (2753,428)  (2798,474)  (2759,382)  (2799,428)  (2805,376)  (2844,474)  (2844,520)  (2798,520)  (2845,422)  (2851,357)  (2817,566)
Sea of Gandar East SZ  (1949,1878)  (1903,1923)  (1903,1877)  (1994,1924)  (1949,1832)  (1995,1832)  (1995,1878)  (1903,1831)  (2040,1924)  (2041,1795)  (2041,1841)  (2086,1887)  (2086,1933)  (2087,1789)  (2087,1835)  (2132,1881)  (2132,1927)  (2133,1805)
Sea of Kahnbrek SZ  (3258,38)  (3212,49)  (3212,3)  (3303,84)  (3304,0)  (3257,118)  (3349,46)  (3349,92)  (3303,130)  (3350,0)  (3357,138)  (3257,164)  (3395,46)  (3395,92)  (3311,176)  (3396,0)  (3403,138)  (3403,184)  (3357,184)  (3265,210)  (3219,210)  (3441,46)  (3441,92)  (3311,222)  (3442,0)  (3449,138)  (3449,184)  (3449,230)  (3403,230)  (3357,230)
Trollmoors North  (2042,1221)  (1996,1226)  (1996,1180)  (2088,1193)  (2088,1239)  (1950,1209)  (2134,1203)  (2134,1249)  (2180,1215)  (2180,1261)  (2226,1240)
Screaming Wood  (2865,892)  (2910,938)  (2864,938)  (2901,846)  (2911,892)  (2947,820)  (2956,938)  (2957,866)
Gerik's Hold  (1154,1103)  (1199,1149)  (1153,1149)  (1200,1067)  (1245,1113)  (1245,1159)  (1246,1059)  (1255,1205)  (1291,1105)  (1291,1151)  (1292,1051)  (1301,1197)  (1301,1243)  (1338,1043)
Jundland Wastes  (1602,441)  (1647,487)  (1648,415)  (1693,461)  (1693,507)  (1739,460)
Igna  (3088,1632)  (3134,1594)  (3134,1640)  (3180,1596)  (3180,1642)  (3226,1602)
Dragonback Mountains  (2082,279)  (2083,233)  (2128,279)  (2129,218)  (2174,264)  (2174,310)  (2196,356)
Hidden Lake  (2673,749)  (2719,724)  (2719,770)  (2765,719)  (2765,765)  (2811,710)  (2811,756)  (2832,802)
Glimmering Forest  (567,1273)  (612,1319)  (566,1319)  (574,1227)  (613,1273)  (620,1220)  (658,1319)  (658,1365)  (612,1365)  (659,1266)  (666,1180)  (704,1312)  (704,1358)  (705,1226)  (712,1180)
The Ghostly Gulf NE SZ  (1693,1077)  (1647,1093)  (1739,1064)  (1771,1110)  (1782,1156)  (1785,1061)  (1817,1107)  (1817,1202)  (1771,1211)  (1828,1153)  (1831,1059)  (1863,1105)  (1863,1199)  (1846,1248)  (1800,1257)  (1754,1257)  (1874,1151)  (1909,1072)  (1789,1303)
Loremaster's Library  (216,866)  (250,912)  (262,848)  (308,859)